//Leadwerks Material File

blendmode=0
castshadows=1
zsort=0
cullbackfaces=1
depthtest=1
diffuse=1.00000000,1.00000000,1.00000000,1.00000000
specular=0.000000000,0.000000000,0.000000000,0.000000000

shader="shaders\dynamic\diffuse+normal.shader"
texture0=".\oildrum.tex"
texture1=".\oildrumdot3.tex"
