//Leadwerks Material File

alwaysuseshader=1
blendmode=0
castshadows=1
zsort=1
cullbackfaces=1
depthtest=1
diffuse=1.00000000,1.00000000,1.00000000,1.00000000
specular=0.00000000,0.00000000,0.00000000,0.00000000

shader="shaders\editor\sprite.shader"
texture0=".\spotlight.tex"
