//Leadwerks Material File

blendmode=0
castshadows=1
zsort=0
cullbackfaces=1
depthtest=1
diffuse=1.00000000,1.00000000,1.00000000,1.00000000
specular=0.000000000,0.000000000,0.000000000,0.000000000
lightingmode=0
caulk=1
shader="shaders\nolight\diffuse.shader"
texture0=".\caulk.tex"
